0 0.9097560975609756 0.8533333333333334 0.011382113821138212 0.10666666666666667
0 0.191869918699187 1.0216666666666667 0.383739837398374 2.0433333333333334
0 0.7065040650406504 0.495 0.008130081300813009 0.07666666666666666
0 0.6268292682926829 0.515 0.008130081300813009 0.11666666666666667
0 0.7617886178861789 0.46166666666666667 0.008130081300813009 0.016666666666666666
0 0.4609756097560976 0.5133333333333333 0.008130081300813009 0.12666666666666668
0 0.2528455284552846 0.6266666666666667 0.014634146341463415 0.37333333333333335
0 0.7146341463414634 0.44666666666666666 0.008130081300813009 0.05333333333333334
0 0.6430894308943089 0.42833333333333334 0.008130081300813009 0.023333333333333334
0 0.5991869918699188 0.425 0.008130081300813009 0.03
0 0.44959349593495934 0.43333333333333335 0.008130081300813009 0.05333333333333334
0 0.23739837398373984 0.5 0.00975609756097561 0.18666666666666668
0 0.7357723577235772 0.41333333333333333 0.008130081300813009 0.06666666666666667
0 0.724390243902439 0.39 0.008130081300813009 0.02
0 0.6195121951219512 0.41333333333333333 0.00975609756097561 0.08
0 0.4902439024390244 0.38666666666666666 0.008130081300813009 0.03333333333333333
0 0.35284552845528455 0.44 0.00975609756097561 0.14
0 0.23252032520325203 0.46166666666666667 0.00975609756097561 0.18333333333333332
0 0.634959349593496 0.36 0.008130081300813009 0.04666666666666667
0 0.5357723577235772 0.345 0.008130081300813009 0.023333333333333334
0 0.2552845528455285 0.39 0.00975609756097561 0.12
0 0.35203252032520327 0.38 0.008130081300813009 0.10666666666666667
0 0.6609756097560976 0.31 0.008130081300813009 0.02
0 0.32113821138211385 0.40166666666666667 0.008130081300813009 0.22333333333333333
0 0.8821138211382114 0.18833333333333332 0.004878048780487805 0.01
